4453
3440
1455
1907
6516
6348
4608
4465
8288
9855
5028
8689
1619
8703
9430
6752
6967
8211
3971
2532
2974
1846
6558
5183
8980
1435
7481
6166
3842
2219
2880
1707
9700
3495
9000
6115
1881
5757
556
4922
9797
1448
1548
8393
3798
6566
1205
6532
8601
3056
4730
3599
6257
7256
4969
7210
8252
8728
9660
7280
3673
3885
5261
7328
4740
4760
6983
1944
7459
7257
3554
652
4127
2807
5214
9135
2169
7064
9450
5795
6625
144
5302
919
4920
4746
3130
3091
8
6837
8857
1579
9359
2460
4414
2557
7107
904
2159
5815
458
2019
574
1263
5731
936
4031
9090
502
4014
7231
1950
4222
2369
5507
7565
7754
7226
7300
6609
1615
3202
9907
16
7537
4700
4073
8434
1519
892
2900
4280
9666
192
4968
2481
1311
2121
3279
4688
4895
7821
1029
6084
9164
3703
4312
7168
8064
6112
7570
5674
4651
4811
9672
9687
7353
8984
6720
1287
149
8501
3653
3292
3850
4816
2783
5787
2747
4304
6906
8483
9591
7217
5220
9272
3384
9803
464
7343
6117
7540
6640
100
3863
2179
2985
5374
9486
6579
6079
4446
217
7471
5099
7975
879
8854
1668
9699
9544
288
1590
4981
2892
7503
3148
5535
4353
2762
1323
87
3741
1442
8771
6049
788
2855
1348
1949
6656
3909
9264
2773
6679
3438
5673
9491
319
7573
4810
8979
7775
7832
5661
7201
1364
8278
6567
9445
752
1176
5131
8522
9643
7047
2756
9771
1401
3778
6303
8001
869
6662
4220
4410
7981
2874
8597
1077
3575
1365
725
1788
1020
6229
7302
2947
7089
7463
7022
4781
3984
243
2000
8865
3526
4215
3726
7513
6862
3534
3156
9976
5879
3537
7757
394
8079
2933
8242
5550
8790
566
5690
7623
5901
6476
1484
3006
6094
5902
1294
282
8923
2181
7925
1236
9075
1937
5093
3005
7855
5703
2412
6409
3071
5483
6868
503
9648
4836
5552
7163
4030
959
9731
1110
8342
7688
4341
718
9342
5277
9623
5899
210
3580
8720
4759
6841
9410
3482
7612
4016
3315
5101
3574
7614
4159
240
5454
9849
8126
1610
8925
402
3002
3022
377
3273
3073
8697
7699
2343
4839
8021
2833
9638
9971
2291
5864
4659
6190
7274
2830
7247
3563
877
5422
3062
7449
5551
3376
2751
7212
1095
1023
883
4180
9990
9400
1798
6575
3915
2472
5634
547
3762
8505
1275
7550
6316
7740
460
6243
3254
554
9426
7159
5876
4150
2519
5431
3891
8998
9073
9513
7301
3454
7330
1419
1756
6328
202
5031
7884
8627
3232
1544
5726
6541
3373
7466
6482
497
4901
9646
4805
5639
7912
6433
1521
8035
6530
4548
6623
3061
4594
7627
9669
7813
2052
9832
2424
6668
4248
190
3439
2958
2890
1305
8281
7265
6861
8938
9698
4239
3708
7323
4011
8934
6179
7801
2373
5418
4095
261
7864
3363
6095
4817
8499
7051
3576
2091
4580
3735
9696
1767
9963
2838
2971
4936
5616
2789
2390
8043
5114
3751
5948
1427
380
4878
3377
9480
5594
1646
3143
1928
7663
5351
4550
7410
5569
5319
4362
7409
5679
6872
5121
8390
346
5570
8116
7861
4528
6287
8010
2799
5996
6270
3872
5564
2420
9420
4042
1006
3539
6133
8575
3761
5638
7028
4324
5719
6386
7993
3154
8372
546
5368
129
2292
6780
1691
1308
8089
1656
9198
7370
9862
9425
1698
7306
5253
8711
6833
5970
2723
9262
3542
9960
6583
7081
6553
6755
4433
9877
7389
4316
9114
4556
3985
7852
2561
3551
3637
4889
6514
7913
1827
4236
2894
5591
7432
9517
8022
2757
4787
4584
6904
5162
5712
7811
5946
1012
6682
2667
596
2431
7203
7847
3319
7267
7632
1226
8221
2332
1684
3140
7828
6725
5522
9274
1346
3964
4851
1063
5007
6228
9474
7804
9062
2983
9851
8859
9128
7960
572
2028
3634
7347
2008
553
8674
5664
1914
175
5298
4278
2307
397
5344
1490
8945
9551
2780
9816
8684
745
3625
1816
3647
4959
8333
9414
4902
640
114
14
3794
6296
1481
4962
5562
5781
2741
5303
110
5874
1648
3613
3905
3415
4898
8251
8197
6244
2447
4610
1766
794
3146
8332
771
4979
2224
1753
5316
3770
363
2865
3873
1327
8439
8335
1604
5376
7284
2234
6466
701
22
3462
6782
1868
7056
1735
9277
4520
9104
7517
3270
102
6235
3458
5767
6339
2245
2709
4147
9656
7924
7729
9645
2581
750
9739
467
8827
3892
1563
5818
1593
3536
5035
6754
4719
822
2978
8168
9305
1693
2861
1771
3141
7486
6340
3830
7426
705
5082
9890
6978
1515
9413
6798
6343
1389
2593
4275
1951
7288
2364
8724
7385
7607
9276
4423
9094
2871
6992
8277
3015
5555
9173
8147
80
3316
7767
336
963
9076
1702
6736
8033
2717
3095
8040
450
6704
9462
6818
6096
5617
2829
5080
1014
9109
4995
8119
3795
9180
8841
989
69
9970
5304
9326
9108
3044
560
5678
7094
6279
6784
6256
8799
7393
8966
3338
831
5845
9781
3222
1252
9946
2281
708
1853
1991
2154
8141
5442
2727
5766
6353
2360
1962
4
1320
9928
5251
8578
5865
8707
3719
3940
7421
6100
1686
5945
4844
4153
880
7397
4194
4592
7308
2743
2197
844
324
7552
6200
3531
8624
1378
7018
4531
6795
2887
9764
6018
2550
2840
1752
6320
6520
471
8992
3768
3390
5345
7398
461
7835
3506
1839
4378
9021
1763
7072
8044
5786
800
1627
3661
7075
6526
355
3176
6446
7679
9690
7949
7582
7989
2164
3433
4554
3921
4949
1690
82
8325
6225
4708
2076
4840
1139
6552
6510
4403
2576
5702
1028
8466
1245
2177
4148
6
8572
1848
6236
6500
763
3588
4923
4169
5075
3072
2236
5812
965
7957
8667
349
4820
5094
1195
9341
2831
1097
3485
6611
4450
1403
7484
935
8549
9533
6201
4387
2911
1231
7046
4775
4120
1310
3555
3393
4136
8584
9287
6192
3538
6691
9723
479
1109
7530
4034
5165
6135
3348
4803
5523
4613
2357
2157
4085
276
2319
1701
2022
8718
8748
7750
768
5821
4611
8629
5770
9761
7502
1261
1197
7377
4559
4476
895
9787
8800
7802
6873
8948
5469
2013
835
2089
6008
6158
5804
5458
2132
9856
8773
1553
9027
7838
823
182
6869
5122
6068
8300
3959
5910
7765
2670
7097
3822
455
6831
4890
4966
6544
6456
3556
1890
1371
598
2182
6026
8133
1264
8692
7600
8912
6010
2594
7357
7505
8122
6439
9996
595
7067
8236
368
2104
4474
8398
4511
8947
8321
275
5245
475
2508
806
9392
5133
3344
1058
4930
4185
3461
1794
147
1214
7695
20
7718
607
5939
2604
7758
6962
4128
7673
5511
8219
329
300
7213
8462
6161
8486
8028
8965
2964
3851
8776
8155
7339
8606
1967
9801
7380
1674
2699
7167
9079
2395
8008
7023
7919
541
5166
8423
7549
8531
8526
8206
260
4695
131
3685
7408
3280
2479
6664
6590
5834
4367
4424
9567
8933
1057
2503
5538
1273
9077
9377
3758
2232
9241
6183
7670
1284
2984
5425
2543
9876
3691
8806
3328
8782
8171
4010
4843
1229
3260
2180
633
4566
9157
8305
6103
4704
1887
1267
6925
65
7609
3217
5877
7269
5327
9719
1142
6698
3952
7944
4529
826
4392
710
3214
5247
9471
7173
7423
739
4624
8363
3896
1475
7553
7906
8876
2166
9613
7902
4601
2274
8746
7868
8527
894
7618
1125
2067
5618
7202
4345
7657
5474
6850
4777
6212
1005
8693
4480
1625
2638
4883
3459
8012
340
9905
1682
8653
5860
845
6022
1560
4264
8793
4602
6254
5721
4558
254
75
7652
201
253
6141
5268
5586
1755
256
3511
4547
8378
312
9405
6555
8072
1119
1172
567
4374
7413
3223
4749
3610
1567
4637
6588
7249
5378
5232
2047
4657
3325
8555
1657
8452
7363
3767
9378
2565
8919
6966
2102
5395
1799
9979
6940
4964
5807
2418
7386
6123
4510
8686
620
9465
7874
7455
6080
1157
1010
8868
130
9023
4001
519
988
2808
4017
1852
4093
3509
2471
8796
8154
8234
4632
1789
9032
9966
1814
3817
5611
1499
5105
7791
2897
4656
8736
4635
5827
6490
5123
8379
6393
9540
6843
9207
4112
7720
5488
104
9775
5589
4573
5630
4842
833
7438
7822
8996
2444
4396
9161
7909
6427
5691
795
5184
3301
5884
469
7230
1975
7764
9043
4683
507
3645
789
9448
590
4871
1599
5290
5858
4697
2620
6757
8595
8715
3912
1538
55
9304
2170
3785
2482
7903
8828
968
6902
9644
2305
9783
136
7564
7248
3622
1955
7584
1302
760
9574
8297
4425
2708
278
227
128
669
1765
7781
2487
4644
7724
6674
2216
5396
9850
9901
6766
8267
2194
7926
5942
3654
3775
1381
6263
1551
530
1127
3573
4721
2597
7382
4241
8780
45
9074
1411
722
8957
8175
6669
5752
5706
5546
1984
8991
8458
8170
8244
1104
6765
1046
6728
5614
9457
6519
9799
6157
1688
6993
309
8633
6774
9176
7889
4568
1091
9962
5830
5588
1266
298
9542
9536
156
1772
4079
6823
2198
628
5102
3793
807
116
4722
8326
1013
1454
8585
8381
3120
5698
2174
6560
4138
1706
2413
5605
3297
7886
5543
4679
7106
3121
1335
6178
1948
431
1283
393
2993
5481
662
5176
2338
7153
8553
8974
4420
3748
9839
8408
7381
8455
9063
9636
4432
2161
2821
9499
8956
8071
5762
3152
985
9659
4535
9431
3567
1357
47
4660
3709
37
5584
614
2023
208
3819
3993
1138
2977
417
1387
651
7865
6927
5085
4060
713
576
8712
2644
9470
7431
8784
6564
3160
10
3787
8061
1297
8566
3835
7983
4625
4350
2500
4389
8106
5554
3247
9046
4384
3845
9393
5575
6047
7127
994
4200
8269
7558
9988
2987
7592
1569
8894
956
6355
6274
2058
2032
9015
6216
525
5880
6368
1961
816
4617
9156
3668
8646
7521
5296
2235
7108
2300
6129
2649
537
3583
7687
1003
2175
6469
6092
4693
8086
7848
8729
353
682
9464
2553
9376
2523
7035
8279
8374
7931
7151
8617
8716
8163
549
8739
697
2552
658
6449
7270
624
1762
9230
1523
3144
1038
3789
7942
181
3757
5756
3922
2273
6600
2507
487
6138
7192
8942
6783
7777
9349
5293
9505
4919
8814
7198
2701
4764
5567
7437
4826
9496
4854
3009
981
716
9034
7809
4365
9387
7299
6727
888
1527
3697
3801
215
383
8063
2325
1748
1638
3546
8142
4319
9609
6548
415
7367
5358
9154
7207
3413
5399
2375
2243
9364
9640
2396
1446
9037
644
5120
526
7778
120
7215
1433
2601
5641
3107
801
3196
8101
421
1464
7013
8107
2885
152
2260
2919
1449
9271
4658
6154
8105
4339
8453
1750
6543
7605
7697
5382
5174
4802
5839
9401
388
7405
9142
4408
3169
8062
3483
9253
2784
7654
3122
3838
5783
8743
5406
7946
5113
555
3329
2110
8822
2770
5964
290
9133
8649
9379
4589
7444
2018
241
8361
6890
1414
4925
7500
674
7636
180
111
2791
638
2099
770
2562
9882
9352
6416
5313
1621
1102
6406
373
4326
2014
9521
6276
7095
9608
1189
9172
5517
2379
1835
7475
9503
35
4703
1611
6147
7479
2949
3689
5156
1187
3898
9777
1658
3268
3774
4663
4636
1045
9267
5384
8006
4977
2734
2606
1582
1602
2432
5545
6905
1622
3514
1111
8282
5429
6473
3067
9254
9911
2403
531
7291
4496
7675
1384
7029
6152
2778
5744
7859
9804
2206
8360
9339
5822
4178
3108
8582
8714
8018
1678
4033
9927
4841
2648
961
4145
3467
4578
6391
1851
427
170
7390
4724
9545
5937
2924
728
4987
2427
4267
7963
5724
6259
1278
6059
6266
4303
8515
143
9790
6345
4008
1316
8837
9563
8906
4376
8681
7462
9261
1637
2876
2678
4915
7962
6829
9002
5110
8734
2632
8977
3412
6536
7560
1659
5148
8621
1120
7959
5380
3133
3977
8177
1093
8742
5412
1685
7894
1221
4758
4886
1906
2042
5565
6011
5112
8323
9982
2046
3544
4462
1133
5095
151
685
3274
2893
4442
9776
8978
7384
2602
1988
268
1453
3831
690
5838
8946
4258
6613
6023
1947
2156
8316
543
7671
7111
9693
6336
6842
3197
8492
2384
5357
2165
9989
3763
8495
7156
8467
759
7988
2796
6302
7866
6492
7545
518
1050
8348
4677
6382
9713
1540
9065
767
8386
9354
6335
8151
9368
1517
7693
898
5415
4845
2155
5421
9766
3172
2641
6040
7404
2430
2992
9148
5527
4135
2093
1832
2704
3792
5890
9546
5682
4071
2828
7335
9020
8407
8137
7712
3806
4638
3019
9926
7412
1923
9088
1831
2153
9171
4888
8872
4295
3030
6338
6356
8118
6871
1552
3131
6958
8844
1932
4633
1564
4308
1167
4629
7394
4735
2465
6735
224
7950
2362
5108
9617
8023
2746
3128
1806
2408
2760
4912
8225
218
2849
9559
1380
5265
8358
585
5072
396
1072
3987
5503
6310
8419
3387
7854
777
4892
1981
8153
6088
4972
2864
4124
8192
3954
5342
1861
6451
6693
8009
8202
9061
6239
352
2387
426
6309
3607
8747
334
3117
8635
3167
3283
5310
8659
1617
8620
9007
1795
3321
1741
9323
8654
9630
1781
5350
7453
792
416
8092
8405
7334
8411
6618
7722
7102
7440
5465
7162
4818
6021
9724
6518
4538
4077
2130
8000
7326
9416
390
5853
3999
236
2435
1227
8937
827
6901
2665
7869
356
7049
523
229
764
6934
7651
8738
1255
2207
865
7369
6039
9146
8179
8631
364
8136
4323
8013
8600
3059
6127
8441
4068
3764
1441
8690
2695
1362
6255
5018
406
3112
7338
9864
4906
2040
4612
2630
7647
9344
707
2314
7497
4575
8672
7374
4168
3353
717
2342
4024
6082
5146
8630
7747
9618
1089
4279
947
1673
4240
4667
8437
3881
7626
4122
4171
3455
33
5249
5141
6389
6097
1318
5168
8213
8284
8761
1530
6098
4074
362
9895
4879
3077
2939
7774
7123
5009
2755
7980
6819
3804
7862
7264
6034
2074
5571
1647
1841
5066
8586
4631
860
9671
2493
6332
1175
7379
920
8057
4646
3142
2393
9828
3650
4976
6942
3797
452
58
7833
8826
7900
5498
4527
8722
1797
7883
4669
1715
8031
9752
7071
9145
211
3042
6923
6015
1745
7631
964
2220
5974
5305
5159
8054
7656
9772
7279
1559
4349
2572
453
9572
4813
3127
2710
6706
7752
3240
7119
4460
7581
6301
6701
5222
3744
1911
5291
4848
2409
4032
1860
4492
5831
2202
7928
9795
7544
3998
9447
952
5768
9217
7441
6612
8939
7454
5715
8173
1570
2398
9913
4356
3750
5464
1589
2531
3916
8235
2860
3949
2411
753
9407
7668
8560
8983
8725
1751
9794
3286
6941
7117
4257
7815
1692
2724
6865
885
9481
8291
7414
2642
2881
174
4300
9654
6209
7200
9330
8383
5196
5339
5246
7814
2598
2839
1641
2618
9701
7733
5732
4305
7951
7744
1296
7435
5312
8922
2684
5753
4134
4477
7992
5978
5315
9530
3484
5561
2613
1043
9249
4160
6119
8801
6186
4170
7129
2229
7985
1927
9257
9033
5476
307
1398
6245
4564
5606
4770
9022
6347
3216
9360
1919
9691
983
2385
2049
3203
1910
2359
4926
1769
3690
2952
5199
5127
5924
4896
3370
1514
322
470
4913
954
4413
2537
9817
2680
5778
1562
7554
9930
67
8050
2877
9936
1936
8860
7223
5370
1994
443
1787
3720
9231
5230
2119
3849
6062
6622
3486
6832
2930
5897
8201
3040
5364
6289
2769
357
1826
3031
3451
6598
9940
3026
9573
1081
4439
7062
8565
7860
8687
8509
7120
3889
3055
139
3355
8498
4830
8240
3220
9921
8037
6318
3525
5297
9866
1074
1775
7964
1053
6385
5940
6878
7443
6331
1999
4786
8756
5595
5455
223
4118
2945
1165
561
1004
7263
2402
2250
5832
4137
6249
8902
8246
3924
5193
3110
2968
6284
2033
1030
6666
905
1546
8182
1085
5848
5324
6184
9107
7395
4274
7467
6442
2094
3561
1313
8732
3466
8210
6330
9588
5254
3430
1086
6551
8610
9999
2337
2801
6769
3648
8430
8248
9870
6321
7555
283
5923
5537
2515
9396
7190
4583
9601
1500
893
3733
2001
3780
2351
6800
647
2349
1549
2548
665
5816
9827
5802
3105
7342
247
1429
2417
8604
5980
4296
3213
4546
7401
5671
109
7368
7799
8304
6400
9527
3600
1989
9394
5921
4753
9502
1496
6481
4470
6033
846
8146
2100
5470
4256
1188
3106
7834
1479
7132
9332
6974
2514
9518
1558
2114
2258
8537
504
7816
7227
849
8428
872
9933
176
3419
7891
8345
687
3409
8443
3278
3435
9325
5119
3356
6531
9841
5450
9122
8888
5520
1202
3267
1018
998
1301
3445
5187
6899
410
6614
1370
2950
9059
906
9084
3410
2744
8683
1534
5872
1105
9175
1367
6428
6419
992
7003
2529
1276
7178
6005
5976
5533
7378
7238
9463
449
2685
1307
8612
8676
3933
5013
1823
3238
7188
774
5444
9950
6770
7650
9957
3180
7887
6947
7197
3046
4523
8632
2062
8245
6278
7122
7588
2767
8856
9954
1044
3877
671
8709
9845
6326
4954
982
5966
8987
2873
4429
3507
1333
540
3092
1385
9509
4191
8521
1233
6921
1469
3832
2365
3488
5647
6792
3239
7176
3333
8259
2255
6365
1131
6064
4603
277
7966
1408
5800
2522
8366
6812
2658
2697
7100
1733
34
9383
1216
6323
7043
8760
2330
3928
4983
6764
3277
3966
4098
5201
3562
2056
1151
8005
979
9382
2556
3307
3713
6964
5468
8797
1375
4687
1891
7830
7857
8829
7994
6286
9600
8802
4642
6175
1926
8884
3821
1291
6290
9070
8516
6189
5289
8558
7996
6960
153
8387
2633
12
3306
5353
8950
5751
267
1437
7293
4514
3527
2516
7065
3464
3641
4254
9835
8429
8605
868
5558
8603
5844
6329
3619
4739
533
2354
7562
3868
7599
6020
4288
9578
7575
9322
46
2585
4164
4255
7184
1153
9371
160
7935
7365
621
2636
2650
2703
8343
3051
3096
2011
513
8758
5749
4484
4466
803
5207
529
451
642
8699
941
5572
7548
7322
3651
6726
6305
8813
3386
7236
5435
2341
5125
7717
8184
6971
1076
550
2692
858
3738
7871
2506
6013
3399
8476
9042
7055
8503
5883
8665
6105
6421
3614
8254
2765
6989
5540
5765
2306
5301
9844
2087
824
6167
5785
8548
7101
8140
2835
3123
6922
8706
1800
1209
8436
6771
6488
5149
5333
4261
3800
8909
354
6233
4472
641
9611
9406
3550
3424
5920
8764
5969
1270
9214
3351
3027
2020
3074
3498
8227
645
3871
5030
2812
3126
7615
8420
3100
7853
7324
4126
184
9516
3700
3523
7826
8688
6314
2617
787
8083
5780
8871
3530
7850
3469
8260
4522
1669
1257
8535
6690
8810
9736
2055
2554
8376
8091
4491
9149
8524
1524
9606
8016
3670
9297
9871
2587
6867
9278
7400
9191
7038
573
6423
9626
5873
27
4035
6702
3578
2739
2347
7251
7383
9631
2192
4020
4225
4909
3080
1272
8371
7294
3187
680
663
5375
8702
4622
5381
545
582
5856
4202
5502
3014
6604
3326
4540
5090
4478
3037
5369
5866
9137
3596
8805
6118
3218
2610
1601
637
6998
2283
2944
6915
3840
9150
9016
4754
6120
8183
2214
1584
5109
3519
8691
6721
6545
9768
6917
3655
9916
2875
4130
4219
444
6539
8534
9067
3957
9714
7493
8110
4737
1922
3352
1413
8777
3888
995
6465
594
1895
8878
732
3876
2923
9312
6589
1581
2725
3429
7183
6227
6910
7820
5631
2218
2596
5777
9012
7225
3089
2308
3960
930
4716
291
993
6768
8195
4654
6592
3313
1960
9523
5005
730
1545
1353
6953
4023
6747
2327
2702
4662
6804
5180
2211
3963
9569
4482
9566
4545
2038
6300
5657
2191
7785
735
287
1995
3228
9483
4741
5914
9793
6577
9008
6557
3069
5542
692
6044
9924
9482
6584
4242
7136
164
4313
6430
1286
8642
5794
6524
1146
4383
4094
4209
5722
8640
1298
4342
2817
6987
5680
5233
2544
9006
8292
5652
5871
7667
9347
3518
4761
5281
1150
8913
8488
5416
9246
262
6360
3907
1194
867
8205
6151
1331
3944
5769
6169
4426
5014
7244
6945
3908
8417
8976
2434
8399
798
3165
7583
4417
2490
7473
6834
6816
8852
3414
8634
2673
7186
2719
3816
339
6593
4502
8075
6048
9300
8562
3961
5599
618
2301
7877
2085
7199
4808
9738
8838
5566
8513
6404
1466
5990
2070
2244
3858
2083
6824
4221
6503
9834
6165
6342
9823
8200
6849
1968
8970
1502
6929
4263
281
1683
6673
5294
6546
9293
9185
9586
5392
2879
9910
9711
7954
9130
700
6093
9053
8468
5501
1721
6087
5607
9762
8421
6576
9188
1854
5801
6678
2975
9983
4626
9386
8969
8550
9412
5587
6670
4543
250
856
3261
9031
386
3533
4486
9681
5219
7735
9370
3880
3649
1643
6900
3704
8866
3547
5541
7807
2573
5549
4773
5427
6957
7898
3003
5161
103
9568
882
1473
971
7991
7526
4921
7457
8032
3666
1426
8959
853
7135
9265
4793
9749
7665
2497
3869
6920
8928
5432
1212
246
2461
7166
7218
3450
7504
8670
4438
5021
1819
9441
2814
1281
6258
8264
901
9560
2247
7849
8450
2991
2253
927
8652
9757
2513
7630
9865
8469
9237
2980
3592
8403
3612
3437
8920
1815
5279
6322
3589
3781
6277
7376
8678
7523
9883
7704
1966
8280
385
5150
1542
1899
266
5194
7901
9093
3593
4187
3565
4542
8655
3235
9072
1002
2574
606
8594
1136
5659
5073
797
3636
1920
420
634
4418
1147
4371
9886
1606
7170
4351
2521
7498
8117
3626
6475
7628
7179
7470
7842
8812
996
379
9722
5062
6131
6644
2645
369
616
8685
4117
2910
3948
9335
887
848
4590
9747
6855
6238
5440
3070
3598
5334
4043
5213
7091
7795
7092
2779
4445
8039
799
2261
3305
7048
2266
1117
44
5321
2646
3102
347
4452
7483
8660
456
4104
3515
5263
7314
3365
3064
1492
4799
7109
271
3854
4322
4226
9891
758
3314
5516
811
6550
5237
8927
2664
6734
8705
3378
5205
7138
2768
5362
7276
1614
2676
6381
5453
4463
9446
2374
6801
2863
9577
6388
7482
9248
1386
3823
1818
4015
3330
3553
5903
9605
4507
3163
1376
3038
9292
4096
2965
2844
9397
9163
2732
7195
8858
2819
3855
9071
1152
6461
6991
6153
7348
8518
9615
4992
7143
2268
7468
3395
7434
1632
4058
7116
1115
1844
8885
2201
3882
237
6977
8065
3930
6038
689
1543
9225
7165
9718
9049
839
2972
2271
9095
5514
2322
1182
9622
6173
3788
459
9363
4289
4467
7262
2196
3423
3397
8598
8735
4041
6275
2754
8785
4107
2405
3295
3425
7984
3935
4670
8750
115
5274
3166
439
4872
9627
1809
5467
4557
7474
6748
9520
9365
2763
6432
1349
5504
6150
5727
4174
1507
4247
4691
3364
7723
3309
7418
5683
293
7253
1168
6730
9467
9975
5530
9837
9603
8158
9770
744
8223
3658
5189
2679
9978
4201
126
8143
8257
7968
6587
2795
7341
2538
4682
4960
3175
9028
6140
512
8886
4549
26
38
4059
2797
6063
7559
7621
2173
3827
8373
761
6645
1959
6027
659
1555
1636
9355
5314
1672
8807
7495
7110
9162
782
2446
9334
1396
5271
6273
8975
4762
1068
7534
9385
2677
7856
1277
8308
733
8448
9726
7706
499
8186
2
6479
6262
5985
9896
3545
9808
8788
2115
228
8478
4732
8507
8639
2450
2611
2927
9831
3901
468
6675
6156
1876
6074
9697
5742
1409
5559
876
5803
9308
7810
1978
1027
9101
155
3475
4208
9812
6143
9236
7923
9778
7812
6807
8989
3736
1784
1663
1382
5286
5405
902
5972
4115
9552
5083
3304
6467
2997
359
1945
5669
2809
408
3327
1583
6621
6844
9972
4090
7160
3769
4525
2560
3771
1098
976
4283
8818
5887
3590
6392
1162
4907
7922
2825
1054
7356
9861
4141
2382
884
1825
7134
441
2721
4533
60
6218
1903
3369
3379
3702
171
908
378
3950
6478
1379
1059
4152
3189
8187
6661
934
6777
7646
6497
6491
8669
3548
1344
8869
3711
1696
6364
4863
1731
3342
392
8172
9846
3250
7737
837
1321
9099
3449
9639
2467
4627
5963
9727
3856
5660
5012
5352
1870
9825
6358
1080
9860
7738
3444
757
6206
4645
3210
8625
1917
4792
6085
6786
6943
8538
53
1200
5278
4707
7585
6885
7080
9196
5993
2599
5846
4204
3502
1913
3408
213
695
1561
7927
9366
3441
859
8775
1618
1322
7216
2888
5643
4025
5045
5236
1008
6919
5557
7635
8397
5919
9735
5419
5433
7171
4431
3732
7896
9587
1649
2171
8020
9721
1875
4083
5017
967
2368
4904
4246
7640
5758
2081
1250
796
6846
3421
5754
6938
434
4884
4712
2698
8224
9311
7948
8602
8628
1786
6359
8209
1312
8710
9120
4715
9725
3810
9507
2090
2540
2251
239
7006
5170
5896
2135
3116
809
890
962
9298
4363
7961
6788
1035
5087
3311
1655
1662
6447
7732
3591
2772
5788
8783
4910
8298
5234
4806
8916
3992
6425
1644
1697
5084
8287
9526
3755
1877
9765
9117
1056
9434
7169
7510
5023
9494
4259
2451
1573
8530
5916
841
3805
1121
7318
1671
6325
3266
9634
4214
9974
3499
2995
3777
7358
4455
3913
2399
9984
5492
7576
7837
5944
5791
1810
6208
2228
2152
1347
7442
698
315
249
8301
5849
5900
7608
8046
4473
7240
673
666
5054
4665
5672
2394
245
7292
9904
2882
9418
8583
4710
5626
6411
4835
1366
365
480
7965
8167
4062
1234
6591
1732
3269
7642
7893
2628
7125
951
1471
9356
6825
8007
9737
3942
5667
5833
8413
8377
3347
3008
9920
2868
4733
483
4125
3493
2333
7447
4198
5071
5403
9375
4988
5160
4156
7325
9235
4245
631
2419
9912
9968
142
7725
5835
5497
2896
8093
8638
166
6772
3853
7066
4045
7469
5895
3618
3746
6073
2323
1073
289
3970
779
9155
1680
3215
135
1021
9144
9594
8320
1482
9822
7149
3621
3839
5203
4249
488
9955
474
4318
4581
2123
4776
8069
2178
1100
6297
9036
2448
4066
4253
8823
1066
3642
2358
6821
3606
1580
8440
1025
4929
8573
2289
2443
1368
5590
400
7827
1485
2225
7148
8791
2208
5473
6955
4512
4798
1436
5547
672
489
2804
6413
2462
1416
6570
5400
8951
5024
3504
1855
5001
8392
808
8311
2111
6172
9997
5867
4379
9098
23
3586
4028
8891
2474
1373
5225
8596
7053
4785
9922
7050
4092
8293
3161
3350
6102
9992
1465
9485
5850
3731
8465
4047
5868
3931
330
3418
1249
3937
7543
1897
7648
1254
2785
7661
1761
1217
9209
5693
4101
1925
9967
107
8189
4942
6060
8647
6361
775
6694
4893
9881
3989
847
2101
3200
169
6110
6176
8191
4411
6860
4372
9181
2186
269
6753
1889
8833
2694
3978
7997
1681
6676
4197
3803
990
7625
7359
6057
4649
2240
2054
4330
4934
9151
5738
3878
6852
3007
4674
3491
1557
2671
5198
6680
5211
1326
7286
9411
8085
3396
8283
5784
9616
2586
8380
2015
1595
6357
6740
9506
9584
7541
8903
8477
1329
1512
7643
306
4991
2345
4838
8456
6219
8203
7152
7255
9182
7790
4857
6168
2149
4497
7714
9219
428
5949
9800
7429
5755
2577
1730
9060
1849
3420
4121
7572
6741
9942
9682
4801
2184
6620
6193
3310
3962
6050
8048
2580
5602
2277
3512
3448
2688
7535
7563
1247
5
5592
4738
5158
3404
9991
6791
5968
494
2080
8591
7773
8673
3043
313
4935
1126
4604
1369
8382
1969
5930
6132
2189
9307
1279
1869
1052
7715
4832
4953
2891
6369
6477
9460
3447
419
146
8680
957
3811
7525
1103
6808
1324
97
5288
7846
2107
6099
4056
7345
9558
3857
7930
5898
9452
9919
5869
4505
5284
4102
9461
8730
3688
2878
6542
821
1024
3194
320
6072
5984
478
3662
3982
4262
1260
7528
4742
2811
3470
3265
2290
8178
5505
2656
7415
301
8561
3945
1345
2735
9208
57
4490
4352
6639
8921
7937
5025
2631
4728
7932
95
9668
9381
43
3925
32
5134
2233
6888
2499
3710
4007
3657
2064
3032
9843
8474
5627
2657
8579
9633
5863
5636
7316
2361
6596
2622
7296
4553
3818
5027
1339
5252
2761
8165
2624
6315
5016
655
3201
7494
615
9704
7185
472
4457
5480
7283
3671
8484
5377
220
1289
4852
4481
7182
5986
8494
6265
5842
1576
9026
2279
9754
7784
2774
4190
3052
5428
2496
2793
7273
9859
3686
7633
5699
5789
6936
8134
407
5436
5644
4504
4402
1315
3696
9035
7277
4500
4140
9792
2009
7118
8255
5285
9183
5486
3115
6959
1717
2304
9314
3560
5065
8150
9199
2034
2400
3976
41
6197
7638
1114
4203
9708
6443
8960
2109
579
1550
2857
6643
7355
4475
2686
482
6631
6826
691
3047
8768
1504
2371
6383
7039
491
7391
896
4173
661
3532
8045
2907
4641
1075
6652
1694
2463
9898
2904
9635
4997
9677
3465
4199
4689
9399
5656
165
706
5670
9478
6686
7206
9981
8074
3487
2146
5854
3219
3192
9134
1354
6366
4745
9202
2298
2057
3489
2376
1258
9914
6407
63
4694
2097
4916
473
6881
7079
2536
5515
3549
5049
4390
5653
9451
30
5135
9994
9286
2370
2996
5155
4227
3815
9333
6242
3783
9166
4354
5941
3086
5130
1878
4994
9806
8130
3318
1792
4699
6396
8454
535
270
4237
2407
2713
1973
2452
4779
6415
3299
6797
9011
3926
3476
1198
8765
3571
4479
9
9528
5143
699
6884
2485
9935
3687
8754
238
5273
2559
9301
6963
580
9564
7742
6946
6160
2148
609
212
7317
7446
5553
4301
5128
361
7772
481
1737
8268
6907
1703
6450
4298
3887
3231
351
3289
8049
2899
9044
7755
7448
7476
9437
9590
5140
3846
6859
3293
7059
4796
8098
7698
1634
7875
812
495
195
6397
498
5041
5078
8757
9729
8701
7371
7427
9667
9929
5068
59
328
6031
8880
1666
4218
4315
3371
3296
9959
338
1526
2722
5363
9987
3747
8900
7005
7956
433
13
381
226
50
379
105
309
398
94
290
85
253
14
415
151
4
118
48
113
401
246
1
122
387
292
228
285
107
159
80
24
194
314
458
102
66
263
461
208
464
372
434
381
421
463
204
470
147
335
162
354
350
493
74
309
299
342
121
356
24
35
304
80
210
127
296
15
359
213
52
144
49
85
147
389
328
55
103
487
89
286
314
432
62
365
244
88
82
286
384
169
379
432
72
203
40
155
226
197
164
57
220
189
190
275
468
49
197
241
166
80
228
342
264
396
409
462
221
136
184
43
493
66
109
6
271
184
426
400
134
349
35
180
177
447
170
165
14
282
72
340
75
466
38
1
375
199
124
191
239
245
275
488
280
324
45
47
422
468
46
185
99
388
478
158
164
1
395
380
98
369
145
115
107
483
154
303
64
49
284
297
405
363
101
66
175
131
461
348
486
354
42
468
392
314
128
499
128
148
11
149
444
331
125
287
387
292
27
434
125
243
46
499
124
439
305
73
38
271
70
454
244
384
436
231
301
278
106
137
168
23
438
364
351
102
268
30
475
10
372
462
362
223
488
138
7
289
294
190
292
389
228
176
196
189
297
254
161
3
456
130
215
389
227
166
187
421
324
142
241
24
161
89
215
325
377
2
256
442
293
101
483
340
137
351
38
146
343
230
338
169
7
346
125
218
369
436
97
169
145
14
430
30
224
261
333
74
324
410
6
268
251
175
165
57
65
440
9
473
441
239
421
343
227
490
167
68
28
271
46
108
118
452
370
7
159
223
97
398
18
497
153
207
434
54
46
283
224
357
485
194
102
43
97
74
392
327
345
70
16
118
58
76
181
219
499
96
179
413
458
461
447
34
398
49
229
159
257
420
322
404
319
143
440
206
314
325
193
442
487
437
205
491
436
434
437
278
302
442
180
134
271
14
386
267
456
119
208
321
342
445
274
111
38
185
133
26
414
164
360
371
396
174
55
312
386
27
396
482
319
137
411
48
482
314
258
346
214
327
63
107
349
148
234
182
324
204
384
381
329
200
182
56
146
110
254
117
153
9
226
29
405
16
219
439
373
401
101
243
314
302
375
191
1
61
40
132
377
232
269
299
480
203
183
299
50
220
280
322
79
483
62
496
22
239
466
8
362
384
312
419
27
237
445
149
231
112
161
395
74
83
272
365
81
150
499
475
58
95
327
55
83
9
266
184
213
369
245
404
163
492
469
418
302
357
189
160
183
42
127
33
485
297
28
10
111
409
85
218
386
16
221
181
424
271
73
200
4
55
218
338
280
301
215
187
473
444
253
67
338
180
43
79
1
487
497
434
223
126
17
339
49
343
468
268
300
337
171
91
228
241
37
154
209
244
364
243
185
194
5
62
256
260
145
219
319
77
485
491
168
488
73
97
212
147
401
125
98
208
6
198
278
275
27
135
191
361
188
240
16
258
367
261
187
122
210
148
131
53
23
142
462
137
370
346
287
472
12
249
364
145
444
286
471
465
285
255
277
202
56
238
110
429
340
57
151
178
428
23
274
138
97
387
52
125
147
161
110
128
234
266
119
126
392
69
468
47
405
405
12
422
192
284
273
123
8
489
372
240
418
143
454
229
453
261
32
390
328
352
342
442
476
463
201
271
305
90
278
346
128
83
29
461
200
161
19
223
381
202
160
116
68
383
474
91
177
219
53
124
97
82
172
124
50
351
318
352
351
64
442
456
141
484
191
213
399
349
172
446
331
428
424
107
99
201
118
152
241
103
398
81
293
434
42
449
139
270
170
193
369
399
409
201
323
392
67
330
45
416
136
199
224
361
427
334
196
259
366
380
329
7
21
405
411
299
198
81
87
110
42
351
466
237
399
332
302
447
99
135
444
106
251
95
193
140
224
316
212
296
285
157
223
176
139
275
168
472
365
174
451
200
74
101
9
237
456
198
415
235
9
164
71
376
235
480
450
232
148
277
365
179
93
156
220
79
436
130
85
419
250
483
496
15
134
22
208
268
108
160
253
201
309
3
208
152
81
403
329
132
336
128
98
112
330
326
176
243
491
139
30
398
299
186
451
471
10
125
173
315
333
58
155
399
101
123
383
109
234
336
413
34
480
151
85
24
386
287
447
259
335
248
134
93
499
223
412
464
408
251
455
4
360
288
97
196
214
105
291
189
171
299
187
421
245
103
96
185
261
483
328
75
79
221
485
254
348
292
346
210
394
352
168
12
363
177
150
2
122
29
14
59
191
220
72
296
330
17
276
334
219
319
168
464
266
315
107
200
33
400
492
422
200
389
141
143
459
34
389
4
260
423
175
246
297
280
107
205
172
274
82
255
40
392
370
120
125
332
312
129
483
372
350
331
173
104
252
95
360
268
206
370
95
224
71
41
60
109
55
425
172
4
75
271
344
128
254
468
65
244
259
133
116
94
83
473
222
183
14
449
273
206
269
168
207
45
477
193
123
2
394
132
75
104
123
453
455
329
26
312
176
86
262
326
240
212
370
343
118
407
150
12
494
361
449
230
114
274
257
448
157
416
376
102
143
118
68
9
147
166
192
464
356
77
212
17
400
258
101
5
394
384
191
331
258
201
247
143
286
95
223
341
83
298
58
437
307
449
179
310
137
30
159
148
166
127
487
189
412
309
182
18
480
154
218
488
457
371
463
457
356
380
255
302
335
180
494
268
159
370
415
453
403
477
101
297
277
4
59
89
87
454
188
447
116
214
428
414
270
234
314
274
105
306
499
111
333
368
301
50
57
53
247
19
462
76
356
109
68
440
126
265
319
131
117
244
437
5
126
212
21
90
33
113
145
434
428
249
246
27
360
339
134
212
294
171
19
217
326
29
65
487
327
309
439
347
15
20
211
69
247
232
96
407
177
455
455
196
41
479
48
100
155
137
65
262
305
156
83
327
169
274
22
24
282
188
498
6
227
267
464
179
349
83
128
223
493
432
307
488
70
256
417
61
220
195
190
198
266
86
455
331
16
44
115
318
211
409
228
6
239
252
239
5
181
413
126
499
378
338
351
69
282
76
234
466
256
301
279
292
114
101
214
89
46
107
281
294
169
251
372
475
65
242
185
250
97
490
217
370
455
463
339
78
477
13
275
361
239
192
213
366
187
358
228
201
125
339
253
428
58
411
77
354
183
114
24
465
100
70
241
24
56
9
446
41
30
325
273
260
258
300
430
321
53
168
72
95
208
99
182
265
468
322
385
395
293
360
233
287
317
459
366
323
49
238
165
431
80
96
383
250
418
378
425
483
435
174
162
92
300
98
392
84
216
336
176
211
153
280
417
324
215
433
286
94
365
86
451
168
212
154
462
233
348
137
194
462
46
494
19
29
158
135
337
331
349
201
494
466
380
257
357
35
60
471
322
328
159
248
233
407
179
194
16
482
299
254
155
295
295
182
265
172
428
20
213
128
194
316
420
330
146
463
436
434
277
135
406
343
273
383
221
214
254
453
473
300
432
188
91
115
479
425
85
47
373
51
425
15
104
384
198
257
254
475
124
313
402
452
104
395
438
31
320
348
238
228
72
175
100
253
80
353
214
120
53
371
440
256
245
41
233
178
161
491
398
468
22
226
445
88
298
157
151
225
401
159
484
427
147
312
157
392
430
248
478
418
187
128
220
72
118
253
497
198
9
479
398
448
290
426
50
477
124
458
82
124
446
395
150
190
64
77
423
379
457
108
407
308
111
23
37
64
37
83
30
16
427
330
370
175
444
176
235
135
378
237
279
180
16
170
14
43
152
36
493
371
273
362
46
350
358
491
23
110
429
419
143
460
277
216
340
122
186
210
215
190
280
294
139
327
285
152
148
480
84
51
475
454
179
406
304
230
143
312
443
447
291
251
231
489
267
152
402
471
495
228
234
252
213
277
102
429
341
2
217
301
162
480
244
208
206
411
318
334
79
347
412
462
1
179
273
335
290
389
72
57
84
365
209
84
95
243
182
111
91
38
371
404
172
218
72
333
14
25
52
459
234
255
69
349
75
376
107
138
62
297
226
27
228
383
445
224
289
431
6
378
345
415
90
328
20
461
397
486
312
412
222
367
292
320
41
463
205
348
337
33
12
273
478
325
145
199
395
46
279
327
432
261
274
353
35
456
215
381
7
269
368
411
255
212
297
412
134
477
47
25
241
261
355
462
32
159
159
408
392
319
122
53
478
108
236
431
33
375
265
138
257
391
160
110
140
258
149
462
453
158
99
286
271
71
68
475
180
63
221
256
495
414
111
97
182
267
247
177
196
19
144
289
83
129
469
406
481
352
474
322
68
193
340
228
421
476
359
410
97
153
183
203
384
284
102
110
174
460
277
92
358
130
90
185
24
238
463
124
450
111
148
389
394
186
342
382
11
364
39
45
124
243
254
380
217
252
454
197
160
74
61
290
201
234
313
219
444
468
106
449
103
47
138
108
468
389
336
8
287
248
11
213
275
339
219
183
212
247
493
185
329
18
477
318
358
113
448
50
24
459
15
192
138
394
176
72
238
395
315
124
351
355
407
455
325
64
110
45
497
430
12
23
427
375
466
5
391
463
354
464
432
32
35
23
365
484
197
63
4
238
144
55
138
205
343
77
104
278
226
11
414
191
487
284
234
308
438
120
40
313
342
99
189
38
179
254
174
316
439
23
1
195
261
135
51
68
169
173
441
309
227
325
136
321
302
437
266
367
383
114
141
444
277
303
163
346
136
103
500
31
80
23
29
226
181
182
452
196
466
380
370
105
350
53
46
74
197
295
126
161
41
378
197
178
373
54
96
461
79
48
389
243
401
464
145
45
353
321
308
336
13
113
267
65
407
401
303
107
449
57
283
241
266
240
277
165
415
158
246
460
409
96
252
410
396
373
220
48
48
366
310
77
209
457
344
241
131
337
194
328
488
472
454
441
324
156
464
55
254
291
445
247
297
415
80
363
313
248
180
309
184
431
24
267
79
207
332
234
401
422
489
215
452
208
476
372
13
283
380
327
472
372
370
431
436
164
355
433
208
230
422
83
140
96
431
20
87
286
219
162
210
423
201
315
166
168
389
412
131
320
284
450
302
447
68
187
470
443
234
333
147
420
56
2
239
329
233
42
261
2
345
494
264
342
289
351
373
78
380
5
420
487
55
400
341
258
20
333
153
141
221
471
87
336
272
164
414
193
30
224
492
248
317
189
254
257
371
204
84
122
243
224
303
275
130
294
153
196
315
359
444
437
376
8
328
49
127
207
223
274
468
12
4
376
38
157
91
425
404
390
170
230
62
441
178
473
383
264
263
342
403
9
61
32
282
210
358
1
148
167
440
27
164
374
228
185
144
332
186
290
24
188
431
60
286
439
63
487
270
214
286
359
244
488
217
244
159
352
336
234
303
314
474
499
279
192
460
406
403
380
477
421
226
127
298
361
235
371
173
49
362
41
302
449
475
334
136
130
221
466
109
354
372
25
384
225
163
91
86
278
170
461
240
380
473
193
319
75
249
202
122
127
80
173
207
455
207
200
401
202
148
433
15
346
171
480
206
119
344
75
356
139
110
45
15
249
345
32
231
208
447
411
490
357
194
241
388
317
132
437
397
271
453
346
388
279
381
71
286
78
374
452
365
59
228
218
312
405
215
216
209
79
78
39
329
379
51
360
174
244
469
374
436
141
43
86
327
321
99
126
199
43
266
203
418
222
298
403
425
322
86
340
150
290
246
378
38
285
197
134
358
290
264
361
110
358
24
394
277
163
39
181
301
352
482
491
83
44
256
223
325
168
294
459
330
163
154
390
64
288
276
116
4
60
386
191
459
460
498
37
294
312
196
199
71
325
433
289
436
214
435
205
396
251
341
140
242
402
135
348
219
384
233
488
72
276
67
139
431
231
441
497
167
76
335
28
50
465
426
269
45
178
488
35
1
69
142
240
99
383
254
379
448
101
451
296
375
203
410
406
249
314
385
336
267
332
429
169
52
239
185
340
279
424
413
353
371
300
479
116
142
211
483
282
247
487
226
288
459
388
462
285
169
47
182
358
27
188
425
207
297
296
348
167
8
281
93
200
11
191
200
302
218
38
378
196
51
281
162
285
148
38
112
107
40
266
89
3
272
190
368
289
487
41
59
340
336
498
187
202
485
359
265
76
324
351
18
404
342
174
282
8
240
467
25
65
379
102
260
282
379
448
214
146
22
373
402
329
89
64
352
203
124
295
222
11
321
92
219
422
38
243
299
116
18
57
303
295
393
18
79
56
281
224
439
18
238
355
32
491
436
275
108
4
80
123
445
354
498
424
380
136
338
237
193
216
211
497
264
386
93
280
499
378
255
346
337
459
465
197
119
111
313
478
417
484
113
271
462
418
169
130
313
360
127
197
42
193
465
38
199
362
460
223
416
138
362
447
276
285
200
110
460
183
296
323
305
107
17
80
449
370
34
497
323
218
318
97
287
22
278
94
217
107
232
18
156
298
126
147
194
121
185
92
145
258
2
207
482
212
464
258
30
101
356
323
455
1
162
58
183
392
94
282
8
189
357
226
170
357
126
452
433
433
125
347
480
271
169
231
331
46
420
183
441
39
124
164
72
365
16
314
348
259
28
484
162
322
374
137
472
266
498
239
332
125
12
39
212
91
85
352
109
275
356
45
286
34
310
371
228
172
94
66
244
446
319
494
123
243
31
201
85
151
114
77
175
357
49
430
266
242
147
295
436
405
41
416
268
478
86
77
171
13
249
244
351
76
408
68
25
34
145
108
142
150
191
162
83
139
19
401
178
101
240
114
500
159
373
171
415
496
167
147
371
422
205
10
265
235
241
327
197
64
163
37
143
123
108
145
250
361
408
141
362
452
447
444
15
84
213
400
204
162
375
46
346
297
315
14
386
316
197
91
294
209
386
334
420
405
36
187
169
486
390
442
53
199
163
375
186
180
328
487
347
469
112
283
410
81
35
404
46
288
236
62
370
93
110
83
407
374
298
433
79
371
26
274
49
39
258
334
105
133
186
76
215
339
190
414
38
445
178
368
90
80
82
153
144
52
248
263
384
263
324
166
232
102
81
315
67
397
116
131
363
326
364
369
84
307
446
376
252
228
127
73
479
439
413
13
438
438
62
180
283
51
9
420
74
192
179
8
20
337
418
330
397
487
88
84
373
19
324
430
454
404
483
200
316
376
13
165
232
407
331
64
358
475
338
359
270
52
214
172
31
292
190
469
464
99
25
71
37
132
249
11
453
220
490
345
26
414
233
49
50
205
255
237
400
222
384
345
338
495
26
241
214
160
6
196
71
382
140
397
482
455
322
274
91
228
381
399
348
405
121
32
430
461
281
312
296
478
493
208
390
241
408
192
291
64
38
361
149
160
198
352
203
354
409
311
460
190
68
225
201
480
95
419
168
262
361
448
420
374
299
47
232
215
475
237
339
71
310
490
442
432
357
476
162
238
164
61
477
342
87
159
125
159
34
14
320
466
384
296
64
26
160
450
317
36
318
15
83
91
134
83
427
380
94
319
171
238
295
42
216
456
52
165
378
491
408
388
178
491
355
311
3
32
462
397
170
130
90
489
237
348
349
292
211
242
418
101
488
159
383
132
86
139
259
69
350
38
172
39
134
413
99
201
469
283
259
356
146
235
21
79
321
15
37
420
481
164
334
189
58
69
441
480
159
204
181
19
350
151
117
333
418
89
382
310
202
278
327
104
291
283
336
481
497
6
295
4
359
115
240
168
237
95
258
440
202
48
191
488
37
235
355
471
187
82
124
374
81
408
453
338
106
480
309
117
444
172
317
162
126
261
232
294
214
260
143
318
470
361
363
201
162
117
305
287
304
196
107
143
194
230
203
348
39
113
291
426
26
467
120
290
411
336
221
75
365
35
89
325
299
488
210
411
118
47
41
30
252
142
5
326
444
143
2
176
235
65
166
383
364
116
264
215
113
331
250
143
32
357
448
44
85
251
219
198
437
177
406
107
100
133
219
495
413
182
471
448
103
159
287
143
144
233
325
115
124
62
120
381
304
100
71
360
385
39
499
451
181
316
196
165
192
234
255
308
220
461
302
113
17
219
91
200
499
347
321
370
235
374
109
293
192
21
30
461
33
322
455
318
201
17
177
437
437
354
48
97
139
145
295
334
235
1
60
165
487
253
181
213
172
423
231
454
192
2
333
475
332
495
34
80
198
8
271
78
395
282
425
293
264
369
83
361
58
253
161
473
324
44
349
381
338
391
12
374
163
415
413
265
256
67
322
137
335
274
153
178
217
230
144
16
316
94
162
385
246
389
408
296
138
102
270
130
62
111
34
260
12
190
383
423
397
251
293
71
1
24
351
84
490
42
72
361
394
352
469
261
168
101
155
443
477
23
70
460
458
68
104
255
370
349
368
482
150
205
369
192
217
66
133
277
103
353
102
29
34
441
287
240
290
318
182
60
469
461
91
215
229
226
136
228
410
37
294
10
415
478
368
337
73
387
259
372
76
288
342
331
201
361
326
485
98
140
252
289
74
307
215
201
122
20
374
72
425
132
436
29
411
289
106
180
483
453
335
381
57
346
223
289
401
372
105
53
330
322
325
386
268
455
449
476
156
233
53
12
48
153
432
92
219
356
386
369
177
468
17
259
105
452
139
36
253
40
351
497
46
10
384
65
302
346
123
372
214
75
371
490
328
130
199
221
195
152
485
484
20
181
430
128
458
266
166
365
226
26
437
311
458
84
118
338
298
384
57
397
387
190
231
414
66
72
225
372
83
57
381
382
264
345
476
126
177
207
45
100
375
186
386
104
481
40
393
112
33
84
333
152
126
177
110
1
378
347
184
99
295
225
94
197
487
155
75
169
300
496
413
64
284
225
395
96
477
248
156
37
206
122
403
76
408
267
214
247
75
85
33
240
388
268
2
182
290
268
29
194
273
415
362
73
360
4
437
188
443
222
86
276
210
224
310
381
224
104
471
342
225
23
272
2
443
465
60
384
233
142
303
399
182
48
112
424
106
389
275
454
469
325
114
116
156
318
301
7
495
158
299
351
107
179
249
76
214
73
147
159
103
421
407
452
311
282
441
415
488
51
320
443
128
405
83
24
232
19
342
340
203
415
352
244
252
123
257
212
56
70
61
260
263
229
162
69
467
219
318
134
16
3
329
435
11
161
2
265
430
127
140
191
389
332
26
100
387
486
298
66
87
398
57
150
461
12
418
183
65
404
310
369
293
296
59
293
13
329
416
415
89
458
17
288
497
40
67
144
393
250
128
162
160
176
100
8
391
49
195
23
169
350
394
55
259
80
26
318
12
276
141
116
489
187
75
78
45
145
154
204
485
408
1
1
224
111
231
225
366
214
150
302
2
328
393
324
262
286
22
55
25
299
292
213
451
281
416
353
188
453
267
85
377
121
178
420
48
412
34
333
230
324
274
86
2
395
231
136
262
47
347
278
364
158
481
401
409
381
55
408
379
278
201
484
54
477
114
364
174
469
213
215
242
400
194
439
271
128
55
181
152
282
77
253
5
67
357
159
202
206
121
199
232
183
472
187
491
369
463
290
61
380
354
305
176
325
105
163
111
331
426
38
168
472
306
421
385
329
270
111
12
255
307
330
36
378
330
19
157
327
175
140
259
293
493
180
345
157
455
490
32
313
207
55
148
13
351
119
424
331
444
182
272
162
372
367
320
20
103
5
268
178
364
126
198
36
419
53
397
83
12
306
46
305
191
360
12
318
154
408
432
439
356
277
405
21
17
374
213
417
282
362
402
143
228
64
152
198
47
307
133
156
340
28
305
218
345
92
180
225
400
44
2
92
74
83
243
155
458
95
66
459
131
303
333
384
161
459
439
353
354
407
321
209
45
310
286
287
73
35
180
230
279
114
386
180
240
301
205
275
246
470
75
435
500
36
33
485
472
198
8
425
283
334
465
479
394
162
58
83
106
298
253
500
106
189
304
405
243
136
499
496
351
3
406
268
349
362
85
225
438
173
159
428
360
258
393
414
469
158
289
388
82
93
499
282
490
103
264
212
349
37
471
318
78
108
286
259
483
418
216
288
393
155
4
288
22
178
378
43
197
52
450
91
275
124
344
24
367
283
424
211
174
344
390
225
69
378
362
147
387
89
406
256
450
498
214
6
376
420
484
463
22
378
416
35
153
39
166
493
147
187
233
134
189
180
160
269
461
45
277
189
185
360
137
457
56
137
6
479
201
61
236
139
163
17
272
297
49
228
343
320
347
190
221
317
442
369
255
86
67
227
346
436
326
387
314
374
145
380
182
358
241
71
283
228
245
450
366
18
57
402
55
491
263
418
423
164
45
305
329
213
109
336
430
146
49
158
138
415
185
447
241
128
367
17
347
306
423
249
61
377
412
451
389
256
191
161
429
430
77
367
62
136
122
375
151
281
459
64
255
281
117
321
311
286
437
397
486
322
366
311
434
457
464
249
202
202
163
323
118
346
307
195
461
155
56
14
243
323
77
450
99
124
361
189
150
141
403
486
299
1
199
78
344
168
437
309
75
97
61
24
319
485
340
157
66
356
250
217
106
359
308
324
299
373
386
11
411
20
158
453
356
185
342
287
269
197
62
500
44
467
256
360
93
64
490
357
175
64
499
304
378
402
79
434
135
480
413
495
203
268
325
80
276
165
172
174
445
94
242
498
314
415
122
179
496
309
271
402
459
137
16
407
99
133
370
80
308
40
146
414
72
396
301
346
75
140
470
347
243
458
90
115
101
453
295
222
414
357
345
75
449
258
276
242
448
273
53
247
218
90
170
2
224
128
254
112
395
248
113
9
452
304
195
384
117
374
145
154
80
442
73
424
302
440
285
119
109
267
193
296
301
447
396
189
117
52
59
429
384
160
423
355
293
382
402
472
392
268
316
100
414
285
471
41
145
360
44
331
150
477
491
48
436
178
349
127
242
15
123
217
336
384
63
158
48
315
79
49
24
185
23
131
219
302
100
498
103
447
394
159
144
426
371
299
382
289
148
99
155
135
15
59
103
255
57
248
398
235
460
326
204
98
198
9
251
354
394
143
401
93
66
412
429
254
205
83
213
393
93
321
207
197
426
145
157
23
7
301
309
494
230
343
419
29
455
342
61
346
351
478
368
200
356
455
164
427
486
259
100
441
344
71
33
367
113
234
292
425
75
429
24
372
61
282
459
220
165
345
409
232
374
95
397
340
465
498
199
366
89
252
444
486
342
69
22
121
337
428
69
188
461
68
327
182
102
406
297
114
468
208
79
193
143
208
52
86
191
69
496
259
351
206
243
216
436
469
210
426
198
230
81
82
317
310
171
480
252
300
500
137
434
179
165
384
284
374
372
18
412
342
147
381
355
16
340
163
111
449
334
406
284
314
98
123
92
360
363
366
325
376
140
103
424
333
77
117
177
37
174
98
367
248
426
181
489
138
56
372
378
95
371
462
62
83
73
77
105
492
280
261
456
153
327
458
5
209
44
89
67
305
397
146
31
254
248
147
18
21
3
301
122
262
210
328
123
291
389
441
197
1
305
22
143
455
98
265
267
433
110
194
246
131
421
268
77
114
14
263
240
204
404
500
436
404
482
483
176
298
90
182
339
361
172
88
107
456
191
194
342
128
54
451
297
213
475
437
371
302
76
304
262
158
417
429
165
389
35
346
185
393
110
207
234
251
26
344
296
166
348
453
378
160
204
461
274
255
303
210
365
482
207
484
219
49
76
302
290
385
441
280
334
119
102
395
64
185
343
136
67
110
398
58
411
478
189
80
238
386
292
19
300
67
139
456
450
326
398
420
359
404
16
399
188
308
424
282
98
285
465
294
11
245
50
8
494
435
188
175
385
258
73
59
347
319
96
234
22
384
244
64
19
411
149
361
302
104
487
448
483
40
131
156
491
72
173
412
180
191
459
176
22
294
377
234
102
273
45
119
176
73
28
363
250
103
308
37
278
228
360
216
135
455
485
177
227
46
212
350
483
302
5
128
324
443
31
344
464
49
495
28
401
360
85
186
46
266
65
486
268
378
338
130
308
446
30
108
77
38
439
29
360
351
409
69
25
233
382
500
227
406
423
487
482
143
262
282
367
88
450
40
123
131
221
11
342
290
104
195
427
172
288
126
455
348
169
165
183
406
162
177
68
20
147
285
317
161
413
91
355
41
132
260
359
385
24
103
399
144
165
282
121
270
434
274
182
212
378
31
91
416
463
36
227
229
29
356
266
262
417
320
14
423
54
322
447
456
143
276
341
277
298
120
353
410
310
147
395
356
241
315
435
263
130
27
241
210
133
96
249
262
420
25
361
304
105
9
291
2
4
323
47
72
85
444
331
95
134
461
386
346
300
439
257
139
410
245
54
90
131
78
260
312
338
47
47
95
165
426
30
28
162
140
156
293
436
381
422
332
201
418
498
281
75
40
348
39
170
153
263
223
23
378
384
48
113
30
280
103
378
276
148
268
413
332
105
53
167
222
201
149
427
9
122
211
351
100
113
7
98
202
150
30
487
134
407
319
155
192
288
59
273
29
35
404
199
17
156
212
399
20
140
455
211
401
472
71
277
60
18
270
362
111
488
386
174
110
41
182
458
255
194
214
26
400
16
31
39
412
191
265
268
492
141
434
170
126
393
8
165
128
220
338
171
83
98
481
382
116
498
493
340
80
92
17
143
274
397
275
462
222
299
93
412
264
275
65
134
108
82
350
418
450
387
194
262
32
442
434
430
354
468
36
430
428
132
4
191
85
167
136
163
401
496
467
365
325
162
388
81
455
447
15
456
194
129
62
79
479
468
301
144
450
22
413
323
45
80
403
413
307
496
432
255
484
66
365
178
451
471
288
433
216
195
141
33
77
497
166
48
336
267
426
497
496
8
175
446
496
122
403
230
445
225
468
198
433
461
200
454
132
193
281
237
335
250
276
323
249
251
345
13
187
256
327
408
29
392
394
171
291
453
76
380
4
128
403
443
211
158
3
31
153
169
341
283
327
489
238
338
14
313
71
287
85
378
26
288
334
106
95
305
424
164
476
404
382
96
349
431
483
295
104
396
345
289
31
475
295
41
382
23
153
75
360
241
183
58
98
143
286
371
57
146
146
429
245
3
55
304
199
102
102
374
276
53
60
322
163
216
254
146
466
220
396
458
471
13
152
154
380
358
145
437
146
474
340
17
9
420
348
109
378
283
82
70
35
311
388
428
62
325
445
393
494
44
425
313
282
106
408
316
343
121
388
212
287
41
367
491
20
408
331
22
155
307
369
42
316
291
94
41
25
243
240
17
314
69
388
51
231
86
58
491
81
211
282
21
224
416
409
245
11
405
61
229
187
214
77
400
278
137
108
410
108
320
16
460
267
456
29
286
430
362
128
181
374
453
408
94
185
177
185
362
317
227
414
469
298
485
464
280
292
125
319
320
276
352
395
87
205
21
478
14
486
253
335
294
87
24
9
138
467
191
53
61
377
7
237
360
207
264
443
303
354
22
205
331
483
45
164
178
405
87
475
289
461
89
298
234
227
96
167
379
313
301
33
84
463
129
309
312
243
155
75
222
92
233
452
143
82
197
371
458
93
458
101
221
193
106
335
60
78
47
360
70
431
37
432
200
403
355
287
336
360
85
13
387
343
48
406
55
185
284
158
215
268
348
156
429
47
373
230
500
133
116
24
230
317
339
339
133
100
126
80
322
392
361
392
142
44
404
420
435
220
316
199
309
483
284
103
290
199
300
297
49
18
228
270
288
282
393
92
164
155
391
110
180
449
449
67
464
454
343
116
76
121
149
394
151
296
460
211
391
195
385
8
397
458
458
58
369
476
485
486
206
319
454
476
78
456
217
466
389
66
494
23
416
32
16
43
124
345
159
477
266
159
127
103
407
161
487
40
419
307
366
9
14
189
487
318
388
458
138
182
149
7
316
400
193
252
135
252
417
392
165
488
258
421
74
431
31
173
259
395
74
81
9
487
12
450
408
422
136
92
433
420
165
52
343
351
374
13
449
410
146
485
229
345
396
432
244
486
277
80
368
460
97
280
62
97
35
405
302
176
3
53
81
274
11
343
434
158
472
430
427
5
145
322
419
220
287
130
460
87
451
500
368
392
317
350
90
129
27
436
187
15
114
310
61
239
65
253
207
401
421
98
156
219
353
256
459
184
45
38
283
273
323
385
259
473
266
251
243
193
331
108
444
196
296
46
283
443
213
239
338
301
345
445
472
265
186
477
217
42
11
360
45
270
269
406
90
489
389
74
69
356
385
423
336
133
216
336
480
78
189
332
180
357
83
276
459
152
192
149
365
451
224
183
106
142
64
463
147
221
256
29
60
333
328
76
394
203
269
412
495
455
473
13
445
350
79
35
417
70
6
69
424
453
397
121
75
412
180
464
100
146
175
89
370
206
109
174
413
441
421
160
462
339
490
131
46
324
449
482
224
390
172
190
161
454
422
230
492
262
216
73
238
229
363
75
377
181
181
491
363
40
331
43
82
455
223
78
71
220
98
419
132
455
358
225
202
481
92
136
429
273
233
173
459
391
481
30
423
146
116
111
425
96
370
10
18
174
275
77
374
464
55
117
194
71
163
386
192
465
142
132
369
193
29
349
305
83
464
34
361
471
177
79
202
48
468
263
305
350
47
411
418
72
31
497
334
308
251
183
437
60
373
24
150
188
493
464
479
66
77
377
115
328
168
266
129
12
7
29
396
269
178
314
238
486
93
304
78
472
495
150
410
256
206
290
221
365
170
339
96
269
280
386
180
380
472
42
422
200
247
416
75
222
234
87
300
203
214
492
238
396
280
252
72
284
153
66
174
216
88
384
400
61
265
99
386
118
352
155
364
423
189
359
94
75
147
146
73
148
464
469
491
130
496
120
464
302
433
419
85
88
366
41
80
208
178
170
237
440
285
131
17
182
84
149
266
269
404
85
303
262
202
443
170
178
473
117
496
497
38
380
190
481
55
394
47
220
28
343
110
482
476
98
62
352
11
500
337
41
164
242
305
50
113
203
386
87
81
139
181
343
203
483
248
298
378
493
373
351
376
311
464
432
108
176
366
82
211
274
40
66
226
23
375
283
44
103
327
20
278
179
125
466
195
338
325
275
3
447
237
47
115
325
265
450
454
30
202
465
434
329
55
405
315
454
445
274
470
436
424
208
433
225
458
190
186
152
377
178
99
46
304
31
286
416
154
153
4
473
407
220
468
68
105
189
480
163
393
424
396
389
289
396
270
451
364
43
295
90
436
25
480
146
244
480
31
450
474
29
138
280
498
436
41
143
69
492
331
263
59
420
267
67
33
243
311
42
309
3
325
197
186
167
192
243
3
345
208
440
149
253
105
15
331
457
311
245
282
430
73
377
266
267
161
423
451
202
70
1
10
30
247
408
426
309
463
51
314
490
55
222
57
396
51
310
191
319
194
64
359
3
122
258
140
266
353
434
428
329
55
483
393
398
357
68
101
278
440
293
86
497
472
402
218
107
64
386
309
157
74
92
317
106
36
366
301
6
281
342
146
334
375
212
208
258
74
62
296
237
269
178
317
344
133
487
48
36
441
202
481
285
91
181
117
286
251
467
96
343
47
42
332
95
46
288
388
109
453
285
172
185
339
185
105
14
54
77
260
486
303
338
124
188
288
260
472
120
238
358
310
102
177
318
101
441
155
139
51
195
165
300
242
149
424
368
202
193
471
468
319
440
18
432
65
323
416
138
242
264
156
148
392
417
24
135
127
317
10
121
254
443
337
100
246
368
330
317
485
72
315
298
432
222
185
184
164
192
295
365
244
208
137
340
336
189
201
333
127
7
6
142
261
140
384
22
278
45
173
455
249
285
289
38
243
30
384
85
457
387
464
268
84
196
443
32